P,0,1.2e-12,3e-09,NA,NA
P,0,0,4.7e-10,NA,NA
P,0.00021,0.00021,0.00062,NA,NA
P,1.2e-05,1.5e-05,0.0037,NA,NA
P,0,5.5e-07,0.00028,NA,NA
P,0,2.4e-12,1.9e-06,NA,NA
P,0,0,2.1e-07,NA,NA
P,0,0,2.5e-07,NA,NA
P,3.4e-06,3.3e-06,4.8e-05,NA,NA
P,0,7.4e-11,2.4e-06,NA,NA
P,0.0046,0.0047,0.0047,NA,NA
P,0.077,0.078,0.078,NA,NA
P,0.0062,0.0063,0.0063,NA,NA
P,0,1.8e-09,5e-07,NA,NA
P,2.1e-05,1e-06,9.4e-05,NA,NA
P,1.2e-06,1.4e-06,0.00022,NA,NA
P,1.2e-06,2e-06,0.00015,NA,NA
P,6.5e-07,1.1e-06,8e-05,NA,NA
P,5.3e-06,8.5e-06,0.00023,NA,NA
P,0,4.1e-07,5.4e-05,NA,NA
P,0.0012,0.0013,0.0014,NA,NA
P,6.2e-05,8.9e-05,0.003,NA,NA
P,0,4.3e-10,0.0046,NA,NA
P,0.042,0.045,0.043,NA,NA
P,0.00028,0.00028,0.00028,NA,NA
P,0.00051,0.00056,0.0019,NA,NA
P,0.00071,0.00078,0.0031,NA,NA
P,0.00027,0.0004,0.01,NA,NA
P,0.0016,0.0016,0.0026,NA,NA
P,0.00018,0.0002,0.00078,NA,NA
P,0.0022,0.0024,0.004,NA,NA
P,4e-06,4e-06,0.00021,NA,NA
P,2.2e-05,2.2e-05,0.00021,NA,NA
P,2.5e-06,2.1e-06,3.6e-05,NA,NA
P,0,1.7e-09,6.1e-07,NA,NA
P,0.00013,0.00014,0.00023,NA,NA
P,0,1.1e-09,5.1e-07,NA,NA
P,0,1.2e-10,7.8e-08,NA,NA
P,0,3.5e-09,1.4e-06,NA,NA
P,0,1.1e-11,1.1e-08,NA,NA
P,0,6.7e-08,1.8e-05,NA,NA
P,0,3.8e-08,8e-06,NA,NA
P,0,3.1e-09,1.9e-06,NA,NA
P,0,5.7e-08,9.2e-06,NA,NA
P,0,9.8e-09,1.4e-06,NA,NA
P,0,8.6e-11,1.3e-08,NA,NA
P,0,6.3e-09,1.6e-06,NA,NA
P,0,3.5e-10,2.1e-07,NA,NA
P,0,7.5e-09,1.1e-06,NA,NA
P,0,7.9e-11,1.2e-08,NA,NA
P,0,7.2e-09,2.6e-06,NA,NA
P,0,4.9e-10,2.1e-07,NA,NA
P,0,0,0,NA,NA
P,0,9.8e-09,1.4e-06,NA,NA
P,0.00028,0.00028,0.00028,NA,NA
P,8.4e-19,2.5e-08,2.5e-05,NA,NA
P,0.00028,0.00028,0.00028,NA,NA
P,0,1.3e-08,3.2e-06,NA,NA
P,0,0,1.1e-07,NA,NA
P,0,0,2e-10,NA,NA
P,0,0,4.6e-20,NA,NA
P,0,9.9e-10,1.6e-07,NA,NA
P,0,0,0,NA,NA
P,0.017,0.016,0.016,NA,NA
P,0.021,0.023,0.023,NA,NA
P,0,0,0,NA,NA
P,0.00052,0.00055,0.0011,NA,NA
P,0,1.1e-07,2.2e-05,NA,NA
P,0.00037,0.00038,0.00063,NA,NA
P,0,8.9e-08,2.6e-05,NA,NA
P,1.6e-07,8.8e-07,0.00062,NA,NA
P,0.0048,0.0048,0.0047,NA,NA
P,1.5e-15,1.4e-07,5.9e-05,NA,NA
P,6.4e-10,1.2e-07,0.00023,NA,NA
P,0,1.4e-08,4.8e-06,NA,NA
P,0,1.4e-07,5e-05,NA,NA
P,0,0,6.6e-07,NA,NA
P,0,5.3e-14,3.2e-09,NA,NA
P,1.5e-05,1.8e-05,3.8e-05,NA,NA
P,2.6e-05,3.8e-05,5.6e-05,NA,NA
P,2.6e-06,3e-06,2.7e-05,NA,NA
P,0,8.3e-13,1.8e-06,NA,NA
P,0,0,7e-07,NA,NA
P,0,6.6e-07,9.4e-05,NA,NA
P,0,5.9e-07,0.00016,NA,NA
P,5.4e-13,9e-09,1.3e-05,NA,NA
S,8e-12,2060,250,8e-15,1.15
S,3.2e-11,-70,100,4e-11,1.2
S,1.2e-10,0,100,1.2e-10,1.3
S,1.2e-10,0,100,1.2e-10,1.3
S,1.1e-10,0,100,1.1e-10,1.1
S,2.2e-10,0,100,2.2e-10,1.2
S,1.8e-11,-110,100,2.6e-11,1.2
S,4.9e-11,0,100,4.9e-11,1.3
S,6.7e-11,0,100,6.7e-11,1.3
S,2.5e-10,0,100,2.5e-10,1.3
S,7.4e-11,-120,100,1.1e-10,1.2
S,1.2e-10,0,100,1.2e-10,1.2
S,3e-11,0,100,3e-11,1.5
S,1.5e-10,0,100,1.5e-10,1.2
S,1.4e-10,0,100,1.4e-10,2
S,1.5e-10,0,100,1.5e-10,2
S,0,0,100,1.8e-14,1.5
S,0,0,0,2e-16,0
S,3.6e-18,220,100,1.7e-18,1.2
S,5.2e-11,2840,500,3.8e-15,1.2
S,0,0,0,4.8e-18,1.5
S,0,0,0,1e-20,0
S,0,0,0,2e-20,0
S,0,0,0,8e-14,5
S,0,0,0,3.9e-17,1.5
S,2.2e-11,0,200,2.2e-11,1.2
S,0,0,0,5.4e-12,1.3
S,0,0,0,1e-13,0
S,2.1e-15,0,200,2.1e-15,1.2
S,4.2e-13,0,200,4.2e-13,1.2
S,2.2e-11,-120,100,3.3e-11,1.2
S,3e-11,-200,100,5.9e-11,1.2
S,1.4e-12,2000,1000,1.7e-15,2
S,1.4e-10,470,200,2.9e-11,1.25
S,8.1e-11,0,100,8.1e-11,1.3
S,1.6e-11,940,300,6.8e-14,1.3
S,5.5e-12,2000,100,6.7e-15,1.1
S,5e-12,2130,200,4e-15,1.2
S,4.2e-12,240,240,1.9e-12,1.4
S,4.8e-11,-250,200,1.1e-10,1.3
S,2.9e-12,160,100,1.7e-12,1.2
S,1.1e-14,500,500,2e-15,1.3
S,2.3e-13,-600,200,1.7e-12,1.3
S,6.5e-12,-120,120,9.7e-12,1.1
S,1e-11,0,150,1e-11,1.5
S,0,0,0,3e-16,0
S,0,0,0,3e-17,0
S,7.8e-11,3400,750,8.6e-16,3
S,4e-10,340,300,1.3e-10,1.3
S,0,0,0,2.2e-11,1.5
S,1.8e-11,390,200,4.5e-12,1.5
S,0,0,0,0,1.3
S,1.3e-12,-380,270,4.6e-12,1.5
S,1.7e-12,710,200,1.6e-13,1.2
S,3.5e-12,-250,50,8.1e-12,1.15
S,0,0,0,3.5e-12,1.5
S,1.5e-11,3600,400,8.5e-17,1.25
S,0,0,0,2e-16,0
S,2.1e-11,-100,100,3e-11,1.3
S,5.8e-12,-220,100,1.2e-11,1.5
S,2e-12,1400,200,1.8e-14,1.1
S,1.5e-11,-170,100,2.6e-11,1.3
S,1.2e-13,2450,150,3.2e-17,1.15
S,8.5e-13,2450,500,2.3e-16,1.5
S,0,0,0,6e-21,0
S,4.3e-12,930,500,1.9e-13,3
S,4e-12,-450,150,1.8e-11,1.3
S,2.1e-12,-650,250,1.9e-11,3
S,4.9e-11,0,300,4.9e-11,1.5
S,3.5e-13,-1140,500,1.6e-11,2
S,0,0,0,5e-19,0
S,0,0,0,2e-21,0
S,1.1e-10,0,250,1.1e-10,1.3
S,1.1e-11,4000,1000,1.5e-17,10
S,3e-11,1600,250,1.4e-13,1.3
S,3.4e-11,1600,250,1.6e-13,1.25
S,1.8e-11,1100,200,4.5e-13,1.25
S,1e-14,4100,500,1e-20,3
S,1.2e-14,2630,100,1.7e-18,1.25
S,6.5e-15,1900,200,1.1e-17,1.2
S,1.5e-13,0,300,1.5e-13,1.3
S,4.6e-12,1965,200,6.3e-15,1.1
S,4.1e-12,2000,200,5e-15,1.15
S,2e-12,-480,200,1e-11,1.25
S,6.7e-12,600,300,8.9e-13,1.2
S,3.8e-12,-200,200,7.4e-12,1.5
S,4e-13,0,200,4e-13,1.3
S,1.2e-13,400,150,3.1e-14,3
S,8.7e-12,1070,100,2.4e-13,1.1
S,1e-11,660,100,1.1e-12,1.2
S,5.6e-12,-270,200,1.4e-11,1.2
S,7e-12,235,100,3.2e-12,1.3
S,4e-13,-200,400,8e-13,1.3
S,2.2e-12,685,300,2.2e-13,1.15
S,4.4e-12,1664,200,1.7e-14,1.5
S,5e-13,890,500,2.4e-14,3
S,0,0,0,4e-14,0
S,8.2e-13,450,300,1.8e-13,3
S,6.7e-15,-600,600,5e-14,5
S,3.8e-13,-800,400,5.6e-12,2
S,7.5e-13,-700,250,8e-12,1.5
S,4.5e-13,-1000,600,1.3e-11,2
S,0,0,0,4e-19,0
S,0,0,0,5.8e-16,0
S,1.4e-12,1900,300,2.4e-15,1.3
S,0,0,0,3e-16,0
S,5.4e-12,220,150,2.6e-12,2
S,3.5e-12,-140,140,5.5e-12,1.3
S,9.1e-12,0,200,9.1e-12,1.3
S,3.9e-14,900,300,1.9e-15,1.5
S,1.1e-11,1200,600,2e-13,5
S,0,0,0,3e-17,0
S,2.5e-13,-190,190,4.7e-13,1.5
S,3e-12,-280,60,7.7e-12,1.15
S,1.3e-12,-640,200,1.1e-11,1.5
S,0,0,0,2e-14,0
S,6.3e-14,550,200,1e-14,1.5
S,6.8e-14,0,300,6.8e-14,2
S,2.6e-12,-365,150,8.7e-12,1.2
S,2.9e-12,-500,150,1.5e-11,1.5
S,5.3e-12,-360,150,1.8e-11,1.4
S,2.7e-11,0,250,2.7e-11,3
S,5e-11,0,250,5e-11,5
S,3e-12,1500,300,2e-14,1.1
S,1.9e-12,1550,200,1e-14,1.2
S,1e-12,2440,200,2.8e-16,1.3
S,0,0,0,2e-17,0
S,7e-12,1100,300,1.7e-13,1.4
S,2.4e-12,1260,200,3.5e-14,1.2
S,4e-12,1070,500,1.1e-13,2
S,1.8e-12,2170,150,1.2e-15,1.1
S,4e-12,1650,300,1.6e-14,1.5
S,1.5e-12,1750,200,4.2e-15,1.1
S,1.6e-12,1680,300,5.7e-15,2
S,5.6e-13,1700,300,1.9e-15,1.3
S,2.2e-11,230,200,1e-11,1.5
S,1.4e-10,500,200,2.6e-11,1.2
S,1.4e-11,0,200,1.4e-11,1.3
S,6e-12,-400,200,2.3e-11,1.3
S,1.6e-10,260,200,6.7e-11,1.4
S,0,0,0,1e-14,0
S,8.2e-12,-300,200,2.2e-11,1.5
S,1e-11,0,250,1e-11,1.5
S,0,0,0,3.4e-16,0
S,7.5e-12,690,400,7.5e-13,2
S,3.8e-11,2040,500,4e-14,2
S,0,0,0,5.1e-16,0
S,0,0,0,2e-16,0
S,3e-11,5000,0,1.5e-18,0
S,2e-12,1400,600,1.8e-14,1.3
S,3e-12,3600,0,2e-17,0
S,3.7e-11,-110,70,5.4e-11,1.2
S,0,0,0,2e-15,0
S,2.6e-12,1420,200,2.2e-14,1.1
S,4.9e-12,400,100,1.3e-12,1.2
S,0,0,0,3e-15,0
S,0,0,0,5e-16,0
S,5.4e-12,-320,150,1.6e-11,1.1
S,3e-11,-70,70,3.8e-11,1.2
S,2.4e-12,960,300,1e-13,2
S,2.7e-11,530,150,4.5e-12,1.3
S,1e-11,3300,350,1.5e-16,2
S,1.7e-13,0,300,1.7e-13,3
S,2.9e-12,800,200,2e-13,1.5
S,2.1e-12,4700,1000,3e-19,2.5
S,0,0,0,1e-19,0
S,1.4e-12,900,400,6.7e-14,1.2
S,1.1e-11,-120,150,1.7e-11,1.5
S,4.5e-13,-800,200,6.8e-12,2
S,2.6e-12,350,100,8e-13,1.2
S,3e-12,500,500,5e-13,3
S,2.4e-12,1250,300,3.6e-14,2
S,1.2e-12,330,200,3.9e-13,1.5
S,4e-12,1400,250,3.6e-14,1.2
S,2.1e-12,900,100,1e-13,1.1
S,1.1e-12,715,150,1e-13,1.2
S,1e-12,2300,0,5e-16,0
S,1e-12,3700,0,5e-18,0
S,1e-12,3600,0,6e-18,0
S,2.8e-12,1270,200,3.9e-14,1.2
S,1.7e-12,1250,150,2.6e-14,1.2
S,1e-12,1600,150,4.7e-15,1.1
S,2.4e-12,360,200,7.2e-13,3
S,1.8e-12,1550,150,1e-14,1.1
S,4.9e-13,-450,200,2.2e-12,1.25
S,9.4e-12,1200,200,1.7e-13,1.25
S,8.2e-12,600,300,1.1e-12,1.5
S,1.7e-12,1700,150,5.7e-15,1.2
S,1.3e-12,1800,150,3.1e-15,1.2
S,3.6e-12,1600,400,1.7e-14,2
S,1e-12,900,150,4.9e-14,1.2
S,1e-12,1250,150,1.5e-14,1.1
S,2.3e-12,1640,200,9.4e-15,1.2
S,7e-13,900,150,3.4e-14,1.2
S,9.2e-13,1280,150,1.3e-14,1.2
S,8e-13,1350,150,8.6e-15,1.2
S,1.8e-11,-170,200,3.2e-11,1.5
S,4.1e-11,450,200,9.1e-12,2
S,4.8e-13,-700,250,5e-12,1.4
S,0,0,0,2e-21,0
S,2.5e-12,600,300,3.4e-13,2
S,0,0,0,2e-14,0
S,0,0,0,5e-17,0
S,0,0,0,1e-21,0
S,2.9e-11,260,100,1.2e-11,1.15
S,3.7e-11,2300,200,1.6e-14,1.25
S,1.1e-11,980,500,4.1e-13,1.5
S,2.4e-11,0,400,2.4e-11,1.5
S,0,0,0,2e-16,0
S,1.1e-11,980,500,4.1e-13,1.1
S,0,0,0,7.4e-14,2
S,8.1e-11,30,100,7.3e-11,1.15
S,0,0,0,1.6e-10,1.5
S,5.4e-11,0,250,5.4e-11,1.5
S,7.7e-11,90,90,5.7e-11,1.1
S,0,0,0,7.4e-11,2
S,0,0,0,7.7e-11,2
S,1.6e-11,2140,300,1.2e-14,2
S,0,0,0,1e-14,0
S,1.2e-11,-40,250,1.4e-10,1.3
S,3.4e-11,-160,200,5.8e-11,1.25
S,2.3e-10,0,250,2.3e-10,3
S,1.2e-11,0,250,1.2e-11,3
S,6.2e-11,-130,130,9.6e-11,1.2
S,0,0,0,1e-10,2
S,2.5e-12,130,250,1.6e-12,1.5
S,5.8e-12,-100,200,8.1e-11,1.5
S,6.5e-12,-135,50,1e-11,1.2
S,3.2e-11,1250,200,4.8e-13,1.2
S,3.1e-11,1350,500,3.3e-13,1.5
S,8.2e-12,1325,300,9.6e-14,1.3
S,2e-11,1200,500,3.5e-13,1.3
S,1.2e-11,1630,500,5e-14,1.5
S,0,0,0,3e-18,5
S,1.2e-11,1390,500,1.1e-13,2
S,5.5e-12,1675,200,2e-14,1.3
S,5.9e-12,2430,200,1.7e-15,1.3
S,2.8e-12,1790,400,7e-15,2
S,1.8e-11,290,500,6.8e-12,3
S,1.4e-11,880,500,7.3e-13,3
S,1.4e-11,880,500,7.3e-13,3
S,6.4e-12,950,500,2.6e-13,1.3
S,7.2e-12,2390,500,2.4e-15,3
S,2.6e-11,1060,500,7.5e-13,3
S,1.8e-12,2000,300,2.2e-15,1.2
S,1.4e-12,2420,500,4.2e-16,1.2
S,1.2e-11,3880,500,2.6e-17,5
S,5.5e-12,1610,500,2.5e-14,3
S,7.7e-12,1720,500,2.4e-14,3
S,1.8e-12,1710,500,5.9e-15,3
S,0,0,0,1.5e-15,1.2
S,7.85e-11,2430,500,2.2e-15,1.5
S,4.4e-12,1750,500,1.2e-14,1.3
S,1.1e-12,1800,500,2.7e-15,1.3
S,0,0,0,2.4e-16,1.3
S,0,0,0,1.4e-17,0
S,1e-12,4000,0,1e-18,0
S,1e-12,4800,0,1e-19,0
S,6.4e-12,-290,100,1.7e-11,1.15
S,4.7e-13,0,400,4.7e-13,1.5
S,1e-12,4300,0,6e-19,0
S,1e-12,3700,0,4e-18,0
S,1e-12,3700,0,4e-18,0
S,1e-12,2100,0,1e-15,0
S,3.3e-12,115,115,2.2e-12,1.5
S,1e-12,1590,300,4.8e-15,1.5
S,3e-11,2450,500,8e-15,1.5
S,3.5e-13,1370,300,3.5e-15,1.5
S,0,0,0,1e-20,0
S,1.9e-11,-230,150,4.1e-11,1.5
S,5.8e-12,1500,200,3.8e-14,1.3
S,1.2e-10,430,300,2.8e-11,3
S,4.2e-11,0,600,4.2e-11,1.3
S,0,0,0,7.5e-11,3
S,1.1e-10,0,250,1.1e-11,1.2
S,4e-12,1470,150,2.9e-14,1.1
S,2.4e-12,900,300,1.2e-13,1.1
S,1.6e-12,710,200,1.5e-13,2
S,1.1e-12,1400,200,1e-14,1.1
S,2.3e-12,930,150,1e-13,1.2
S,0,0,0,1.5e-16,0
S,0,0,0,5e-16,0
S,0,0,0,1.2e-16,0
S,1.4e-12,1340,200,1.6e-14,1.3
S,7.2e-13,1110,150,1.8e-14,1.5
S,1.3e-12,995,150,4.5e-14,1.5
S,9.3e-13,1250,150,1.4e-14,1.5
S,0,0,0,1.5e-16,0
S,1.5e-11,600,600,2e-12,2
S,3.4e-12,-540,200,2.1e-11,1.5
S,0,0,0,1e-16,0
S,4.3e-11,1370,500,4.3e-13,3
S,1.5e-11,1060,100,4.3e-13,1.2
S,6.4e-12,810,100,4.2e-13,1.2
S,1.7e-11,800,200,1.2e-12,1.2
S,1e-11,3000,0,5e-16,0
S,0,0,0,1.6e-11,2
S,1.7e-11,800,200,1.1e-12,1.3
S,2.6e-11,1300,300,3.4e-13,2
S,2.1e-11,470,150,4.3e-12,1.3
S,0,0,0,3e-12,2
S,1e-12,3200,0,2e-17,0
S,8.8e-12,-260,130,2.1e-11,1.15
S,0,0,0,1e-12,3
S,1.6e-12,-430,200,6.8e-12,1.25
S,2.9e-12,-220,200,6.1e-12,1.25
S,5.8e-13,-170,200,1e-12,1.25
S,1.5e-12,-230,150,3.2e-12,1.15
S,4e-12,-300,200,1.1e-11,1.5
S,1.4e-10,0,250,1.4e-10,1.4
S,0,0,0,1.2e-10,2
S,0,0,0,1.8e-10,2
S,0,0,0,3e-11,2
S,3.1e-12,1120,500,7.2e-14,3
S,0,0,0,3.1e-14,5
S,1.5e-11,1090,500,3.8e-13,2
S,0,0,0,8.4e-11,1.5
S,2.3e-11,870,200,1.2e-12,1.2
S,0,0,0,1.2e-11,2
S,9.1e-12,-240,150,2e-11,1.2
S,5.1e-12,-280,200,1.3e-11,2
S,0,0,0,6.9e-11,1.5
S,1.5e-11,-500,500,8e-11,1.5
S,8.4e-11,2620,600,1.3e-14,2.5
S,0,0,0,1.6e-10,5
S,2.7e-10,760,250,2.1e-11,1.1
S,9.2e-12,1800,550,2.2e-14,1.7
S,2.1e-11,2200,150,1.3e-14,1.2
S,3.2e-11,650,150,3.6e-12,1.2
S,1.3e-11,-410,100,5e-11,1.1
S,5.5e-11,-250,100,1.3e-10,1.3
S,0,0,0,2e-20,0
S,0,0,0,1e-18,0
S,3e-12,7000,0,2e-22,0
S,6e-12,75,75,4.7e-12,1.2
S,1.1e-13,1200,500,1.9e-15,2
S,9.9e-12,-360,100,3.3e-11,1.2
S,1.2e-11,260,100,5e-12,1.15
S,6e-11,-400,200,2.3e-10,1.2
S,0,0,0,6.6e-11,3
S,0,0,0,8.6e-11,2
S,0,0,0,3e-15,0
S,0,0,0,4e-15,0
S,0,0,0,5e-15,0
S,0,0,0,1e-18,0
S,0,0,0,2e-26,0
S,0,0,0,8e-16,0
S,0,0,0,1e-16,0
S,0,0,0,4e-16,0
S,4.4e-13,-210,210,8.9e-13,1.25
S,1.9e-13,-500,200,1e-12,1.2
S,1.3e-12,270,270,5.3e-15,1.4
S,0,0,0,7e-21,0
S,0,0,0,1e-17,0
S,0,0,0,1e-21,0
S,0,0,0,2.4e-10,2
S,3.7e-11,-210,100,7.4e-11,1.25
S,0,0,0,1e-16,0
S,0,0,0,4e-15,0
S,1.2e-10,-150,50,2e-10,1.25
S,0,0,0,2e-16,0
S,0,0,0,9.5e-15,2
S,2.8e-11,0,50,2.8e-11,1.3
S,0,0,0,4e-18,0
S,1.4e-11,2750,300,1.4e-15,2
S,9.2e-12,390,100,2.5e-12,2
S,1.5e-14,-850,200,2.6e-13,1.3
S,0,0,0,5.7e-11,1.4
S,0,0,0,6.6e-16,2
S,0,0,0,1.2e-14,1.5
S,2.3e-12,0,200,2.3e-12,1.2
S,0,0,0,1.2e-11,2
S,2.6e-13,2400,500,8.4e-17,2
S,3.6e-12,1100,200,9e-14,1.2
S,1.4e-11,0,50,1.4e-11,1.2
S,0,0,0,1.9e-12,3
S,0,0,0,1e-19,10
S,0,0,0,4e-19,0
S,9e-12,280,200,3.5e-12,1.3
S,0,0,0,5e-15,0
S,2.9e-11,-240,50,6.5e-11,1.2
S,1.7e-11,690,200,1.7e-12,2
S,2.3e-11,-350,200,7.4e-11,2
S,6e-11,-160,160,1e-10,2
S,4.3e-11,1390,200,4e-13,2
S,0,0,0,2e-17,0
S,0,0,0,1e-13,1.3
S,0,0,0,1e-15,0
S,0,0,0,9.6e-12,2
S,0,0,0,3e-13,3
S,1.3e-12,330,200,4.4e-13,1.2
S,0,0,0,2.9e-19,2
S,0,0,0,3e-16,3
S,0,0,0,7.6e-17,3
S,0,0,0,3e-18,0
S,2e-12,-290,100,5.3e-12,1.15
S,0,0,0,1e-13,0
S,2.1e-11,320,100,6.1e-11,1.15
S,0,0,0,6.5e-12,2
S,0,0,0,3.5e-11,2
S,0,0,0,1.9e-11,2
S,0,0,0,5.2e-11,2
S,0,0,0,6e-13,1.5
S,0,0,0,1.2e-11,1.4
S,0,0,0,8e-13,0
S,1.1e-11,0,100,1.1e-11,2
S,2.2e-11,0,100,2.2e-11,2
S,0,0,0,3e-10,2
S,0,0,0,1.9e-11,2
S,0,0,0,4.6e-13,2
S,0,0,0,1.8e-11,2
S,0,0,0,4.5e-12,2
S,1e-09,95,50,7.3e-10,1.2
S,0,0,0,4e-11,0
S,2.8e-10,1600,400,1.2e-12,1.2
S,7.3e-10,0,200,7.3e-10,1.3
S,3.7e-10,0,400,3.7e-10,3
S,1.1e-09,570,300,1.6e-10,1.5
S,6e-11,0,800,6e-11,3
S,2.6e-11,0,600,2.6e-11,2
S,2.2e-10,0,400,2.2e-10,2
S,1.5e-10,0,400,1.5e-10,4
S,2.8e-10,0,400,2.8e-10,3
S,2.2e-11,0,600,2.2e-11,5
S,0,0,0,1e-14,0
S,2.3e-10,0,400,2.3e-10,3
S,2.8e-10,0,400,2.8e-10,3
A,6e-34,2.3,0,0,NA
A,5.7e-32,1.6,7.5e-11,0,NA
A,6.2e-31,1,2.6e-11,0,NA
A,9e-32,1.5,3e-11,0,NA
A,9e-32,2,2.2e-11,0,NA
A,7e-31,2.6,3.6e-11,0.1,NA
A,2.5e-30,4.4,1.6e-11,1.7,NA
A,1.8e-31,3.2,4.7e-12,1.4,NA
A,2.2e-30,3.9,1.5e-12,0.7,NA
A,4.5e-31,3,1.8e-12,1.7,NA
A,1.5e-28,3,8e-12,0,NA
A,5.5e-30,0,8.3e-13,-2,NA
A,1e-28,0.8,8.8e-12,0,NA
A,1.4e-29,3.8,3.6e-11,0.6,NA
A,1.1e-28,4,1.6e-11,1,NA
A,2.8e-27,4,5e-11,1,NA
A,2e-27,4,6.5e-12,2,NA
A,1.5e-30,4,6.5e-12,2,NA
A,9.7e-29,5.6,9.3e-12,1.5,NA
A,4.4e-33,1.2,0,0,NA
A,1.8e-31,1,2.8e-10,0,NA
A,6.3e-32,2,2.6e-10,0,NA
A,2.6e-31,1.3,2e-11,1.5,NA
A,2.7e-33,1.5,0,0,NA
A,9e-32,1.6,0,0,NA
A,1.3e-30,2,1e-10,1,NA
A,1.8e-31,2,1e-10,1,NA
A,1.3e-33,3.8,0,0,NA
A,5.9e-30,2.1,2.1e-10,1,NA
A,1.6e-29,3.3,3.1e-10,1,NA
A,1.4e-28,8.5,4e-11,1.2,NA
A,1.8e-31,3.4,1.5e-11,1.9,NA
A,2.2e-32,3.1,3.5e-12,1,NA
A,6.2e-32,4.7,2.4e-11,0,NA
A,1.9e-31,1.1,3.1e-11,0,NA
A,1.9e-30,3.2,2.9e-12,1.2,NA
A,1.3e-30,4,2.8e-12,1.4,NA
A,6.9e-31,6.4,2.4e-12,2.1,NA
A,5e-30,4,6e-12,1,NA
A,3e-30,4,3e-12,1,NA
A,4.2e-31,2.4,2.7e-11,0,NA
A,5.2e-31,3.2,6.9e-12,2.9,NA
A,1.8e-32,1,1.7e-11,0,NA
A,3e-31,1,6.6e-11,0,NA
A,5.9e-31,3.5,9e-12,1.5,NA
A,1.3e-33,-3.6,0,0,NA
A,3e-31,3.3,1.5e-12,0,NA
A,3.2e-30,1.4,6e-10,0,NA
A,3.5e-30,2,5.7e-10,0,NA
A,8.7e-28,2,6.5e-10,0,NA
A,1.3e-28,2,6.8e-10,0,NA
E,2.1e-27,10900,1.6e-11,5,NA
E,3.3e-27,4667,2.1e-20,2,NA
E,5.2e-29,6643,2.5e-19,2,NA
E,2.7e-27,11000,2.9e-11,1.3,NA
E,9e-29,14000,2.3e-08,2,NA
E,3.2e-25,6100,2.5e-16,1,NA
E,5.7e-25,2500,2.5e-21,2,NA
E,1.6e-26,4000,1.1e-19,5,NA
E,2.9e-26,3700,7.2e-21,0,NA
E,1.3e-27,8744,7.2e-15,1.5,NA
E,1.1e-24,5455,9.8e-17,3,NA
